data/gfs.json
{"header": { "discipline":0, "disciplineName":"Meteorological products", "gribEdition":2, "gribLength":74619, "center":7, "centerName":"US National Weather Service - NCEP(WMC)", "subcenter":0, "refTime":"2018-07-05T06:00:00.000Z", "significanceOfRT":1, "significanceOfRTName":"Start of forecast", "productStatus":0, "productStatusName":"Operational products", "productType":1, "productTypeName":"Forecast products", "productDefinitionTemplate":0, "productDefinitionTemplateName":"Analysis/forecast at horizontal level/layer at a point in time", "parameterCategory":2, "parameterCategoryName":"Momentum", "parameterNumber":3, "parameterNumberName":"V-component_of_wind", "parameterUnit":"m.s-1", "genProcessType":2, "genProcessTypeName":"Forecast", "forecastTime":0, "surface1Type":103, "surface1TypeName":"Specified height level above ground", "surface1Value":10.0, "surface2Type":255, "surface2TypeName":"Missing", "surface2Value":0.0, "gridDefinitionTemplate":0, "gridDefinitionTemplateName":"Latitude_Longitude", "numberPoints":65160, "shape":6, "shapeName":"Earth spherical with radius of 6,371,229.0 m", "gridUnits":"degrees", "resolution":48, "winds":"true", "scanMode":0, "nx":360, "ny":181, "basicAngle":0, "lo1":0.0, "la1":90.0, "lo2":359.0, "la2":-90.0, "dx":1.0, "dy":1.0 }, "data":
[rows 26 to 51 of 181, columns 59 to 117 of 360]
1.6688904,-0.29110962,0.71889037,2.7788904,3.3088903,2.6988904,2.7988904,2.3288903,0.6988904,-0.14110962,-0.6611096,-1.1011096,-1.3111097,-0.6311096,0.048890382,-0.44110963,-1.4111096,-1.8611096,-2.1411097,-2.4811096,-3.1611097,-3.9411097,-4.1711097,-3.0311096,-2.8411095,-3.1911097,-3.7611096,-3.3911097,-5.1211095,-4.9411097,-5.05111,-4.30111,-4.5911098,-4.5611095,-4.5911098,-4.6611094,-3.2411096,-2.3811097,-1.3211097,-1.0411096,-1.6411096,-2.9411097,-2.2111096,-1.3711096,-0.48110962,0.85889035,1.6688904,2.4988904,3.7388904,4.8588905,3.8288903,4.3688903,3.5788903,2.9388905,3.2988904,1.7988904,0.71889037,0.43889037,0.9588904
1.9888904,0.96889037,2.0588903,2.4188905,2.1788905,1.8388904,1.9788904,0.9588904,0.49889037,-0.16110963,-0.70110965,-1.2411096,-0.5711096,1.8688904,2.4188905,0.65889037,-1.5711097,-1.6111096,-0.7911096,-1.6011096,-2.8311095,-2.7411096,-2.8311095,-2.7511096,-2.7711096,-2.3411095,-2.4411097,-3.0711095,-2.9911096,-2.5711095,-2.5811095,-2.6411097,-2.4911096,-3.1911097,-3.7711096,-4.9211097,-2.9111097,-3.0011096,-2.7511096,-2.6011095,-1.9811096,-1.1411096,-0.34110963,0.8688904,0.91889036,1.2488904,1.7688904,1.8188903,2.3588903,1.8388904,1.2088904,1.7188904,1.9288903,1.7588904,1.3388904,1.1488904,0.7388904,0.5188904,1.2988904
2.4488904,2.3188903,2.7288904,3.0688903,2.4988904,1.5388904,1.0488904,1.0288904,1.7788904,0.60889035,0.18889038,-0.12110962,1.6588904,3.4688904,2.3488903,1.0088904,-0.18110962,-0.2711096,-0.11110962,-1.1311096,-1.7011096,-2.3011096,-2.6711097,-3.5911095,-3.6111097,-3.7511096,-2.1711097,-1.8311096,-2.1311097,-2.2011096,-2.3811097,-2.3311095,-2.1611097,-2.2611096,-1.6611096,-1.2911096,-1.1311096,-1.3511096,-1.5011096,-1.1511096,-0.8811096,-0.21110962,0.32889038,0.42889038,0.5088904,0.7388904,1.3988904,1.6788903,1.5488904,1.2888904,0.30889037,-0.77110964,-0.09110962,1.1188904,1.4388903,1.1788903,0.9588904,0.8888904,1.1888903
1.5188904,2.4288905,2.7888904,2.1388903,2.2588904,2.6288903,2.0888903,1.0188904,0.43889037,0.8188904,1.0688903,0.6288904,1.3688904,1.6388904,0.9988904,0.05889038,0.08889038,0.9988904,1.2088904,-0.6811096,-2.3011096,-2.1511097,-1.7411096,-1.8311096,-1.9411097,-1.8711096,-2.3711097,-2.0811095,-1.9511096,-1.8211097,-1.5611097,-1.7811096,-2.3211095,-2.0611095,-1.7511096,-1.0411096,-0.7611096,-0.7511096,-0.96110964,-0.42110962,-0.6611096,-0.38110963,-0.3311096,-0.03110962,0.5688904,1.2388904,1.0188904,0.26889038,-0.18110962,-0.64110965,-1.6911097,-2.3611097,-1.9511096,-0.061109617,0.6388904,0.26889038,0.33889037,1.0388904,1.9388903
1.2988904,0.19889039,0.3888904,1.6888903,2.4788904,1.9188904,1.9288903,1.9688904,2.1188903,1.3988904,0.7588904,0.29889038,0.2888904,0.96889037,1.8588904,0.8988904,-0.41110963,0.13889039,0.7488904,-0.22110961,-1.5611097,-1.6211096,-1.3411096,-1.2411096,-1.6611096,-2.0111096,-2.3211095,-2.1311097,-2.2711096,-2.0911095,-2.2311096,-2.3311095,-2.2211096,-1.4311097,-1.8211097,-1.8011097,-1.8011097,-1.4411097,-1.1511096,-0.6611096,-0.8011096,-0.6811096,-0.5111096,-0.44110963,-0.3311096,-0.59110963,-0.13110963,-0.09110962,-0.95110965,-1.6611096,-2.2611096,-2.9511096,-1.9811096,-0.47110963,0.65889037,0.17889038,0.24889039,-0.7911096,0.17889038
-0.77110964,0.2888904,0.96889037,1.8888904,2.0388904,2.6988904,2.7688904,2.0188904,2.1588905,1.9888904,1.7788904,1.3588904,1.0588903,0.6788904,-0.10110962,0.7488904,2.1588905,1.7988904,0.32889038,0.23889038,-0.5411096,-1.6811097,-2.1511097,-1.5411096,-2.2811096,-2.7211096,-2.6511097,-2.3511095,-2.2711096,-2.0711095,-1.9111096,-1.6911097,-1.4011096,-1.0111096,-0.5011096,-0.44110963,-0.22110961,0.5588904,0.84889036,0.5788904,0.22889037,-0.42110962,-0.59110963,0.39889038,0.18889038,0.40889037,-0.16110963,-0.7911096,-1.2111096,-1.8511096,-1.9411097,-1.4211097,-0.64110965,0.008890381,-0.03110962,-0.19110961,-0.15110962,1.3488904,1.1988903
-0.4311096,-0.12110962,0.7688904,2.4188905,2.3988905,2.3588903,1.9688904,2.4988904,2.2288904,2.1688905,2.2488904,2.1088903,1.9888904,2.1988904,0.9588904,-0.3311096,-0.35110962,1.2488904,2.3688903,1.2988904,-0.95110965,-1.4711096,-1.9911096,-2.1611097,-2.6311097,-2.4111097,-2.4211097,-2.1711097,-2.3011096,-2.5511096,-2.4411097,-2.2711096,-2.1811097,-1.7911096,-0.96110964,-0.8611096,-0.5611096,-0.0011096192,-0.18110962,-0.18110962,-0.47110963,-0.7611096,-0.96110964,-1.6511096,-1.1211096,-0.95110965,-1.1211096,-1.4411097,-1.8411096,-1.1911097,-1.1611096,-0.3311096,-0.7611096,-1.2011096,-1.0211096,0.08889038,0.90889037,0.9988904,0.4488904
-0.8111096,-0.4011096,-0.45110962,1.5088904,3.7688904,2.3388903,2.4188905,3.0388904,2.6088903,2.7888904,3.2688904,2.6188903,2.4988904,2.5888903,2.1188903,1.9988904,0.8988904,-1.6611096,-0.5111096,0.42889038,1.2288904,-1.7511096,-2.3811097,-2.3311095,-2.1211097,-2.6611097,-2.1111097,-2.5611095,-2.1511097,-2.2611096,-2.1411097,-1.6811097,-1.3211097,-0.8811096,-0.77110964,-0.7511096,-0.48110962,1.1588904,0.65889037,0.16889039,-0.8611096,-1.2211096,-1.7411096,-1.5111096,-1.7911096,-1.6211096,-1.4811096,-1.4211097,-2.1911097,-2.2611096,-1.9011096,-3.0611095,-2.2911096,-1.6111096,-2.1411097,-1.5611097,1.7488904,3.1688905,1.6388904
-1.5211096,-1.0111096,-0.6611096,1.3988904,2.9388905,3.8688903,4.2888904,4.1888905,3.9488904,3.6388903,3.3388903,3.0188904,3.0188904,2.8488903,2.4488904,2.3288903,1.3088903,-0.3611096,-1.9511096,0.21889038,-1.6911097,-1.4411097,-2.1211097,-2.7011096,-2.2211096,-2.1911097,-2.1311097,-2.1411097,-2.4111097,-1.3211097,-0.8611096,-1.0111096,-0.3011096,-0.4011096,-0.6111096,-0.07110962,1.1788903,0.6288904,0.49889037,0.8788904,-0.6611096,-1.1211096,-1.8011097,-1.9311097,-2.0611095,-1.7211096,-1.8611096,-1.3511096,-3.5811095,-4.1611094,-0.7511096,2.9488904,0.12889038,-2.0911095,-0.09110962,0.7688904,2.0088904,4.46889,4.19889
-1.7511096,1.8288903,3.1088903,3.8188903,4.7488904,5.0688906,5.1588902,4.0188904,3.2988904,3.8888903,3.5188904,3.0888903,2.7888904,2.4688904,2.0288904,1.8288903,1.6588904,0.65889037,-1.6211096,-1.1211096,-1.1611096,-2.6111097,-3.0811095,-1.8211097,-1.2011096,-1.8211097,-2.0811095,-1.1911097,0.54889035,0.85889035,-1.6511096,-1.0611097,1.1988903,1.1188904,0.9988904,0.46889037,-1.3611096,-0.4611096,1.4488903,0.40889037,-0.6111096,-1.3011097,-2.0111096,-2.0911095,-2.0011096,-1.9211097,-2.0411096,-2.3411095,-1.0011096,-1.4611096,2.3988905,-0.8811096,1.6088904,0.4788904,2.4388905,4.2888904,2.5688903,1.7588904,1.5888904
3.6188903,4.1488905,5.6188903,6.2088904,6.21889,5.0688906,5.0488906,4.6388903,4.21889,3.4488904,2.9988904,2.8588903,2.2788904,1.9588904,1.4888904,0.9988904,0.33889037,-0.011109619,-0.42110962,-1.9811096,-2.8711097,-2.5511096,-2.7811096,-1.5111096,-0.84110963,-0.32110962,-0.041109618,0.4788904,0.21889038,0.8788904,1.0788903,0.32889038,2.7988904,2.4088905,1.7288904,0.3788904,-0.3311096,-1.7211096,-0.8511096,-0.96110964,-0.5611096,-2.2311096,-2.8011096,-2.3711097,-2.9011097,-2.4211097,-2.6011095,-2.6311097,-0.021109618,2.1288903,-2.4611096,0.6988904,-1.5811096,0.8388904,1.4288903,1.8388904,1.8188903,2.7188904,2.7688904
4.1188903,4.8088903,5.4788904,5.1188903,4.3688903,3.6288903,4.23889,3.8388903,3.8588903,3.9088905,3.4588904,3.4888904,2.7388904,1.5988904,0.9588904,0.5288904,-0.28110963,-1.1611096,-1.8011097,-2.1511097,-2.4511096,-2.5811095,-2.2511096,-0.061109617,0.7588904,0.4488904,0.49889037,0.9588904,0.39889038,0.27889037,0.23889038,0.9488904,0.008890381,-0.6911096,-2.2611096,-2.7511096,-2.3511095,-1.1911097,0.8988904,-1.5111096,-3.1411097,-3.1111097,-2.5311096,-3.2711096,-3.5911095,-2.9911096,-0.4611096,-0.4911096,5.8388906,-0.011109619,-3.3411095,-2.4611096,0.53889036,1.6388904,0.59889036,1.9988904,1.6588904,2.7588904,2.4388905
3.5588903,3.5488904,1.6688904,1.6788903,1.6988903,3.4888904,3.7688904,4.0988903,4.0688906,3.7988904,3.5088904,3.1388903,2.9088905,2.0488904,1.0588903,0.03889038,-0.4611096,-1.3611096,-2.5811095,-2.3211095,-2.7811096,-3.1611097,-2.2911096,-1.1311096,-0.9311096,-0.3611096,-0.77110964,-1.4311097,-1.1611096,-1.4511096,-1.5011096,-1.5011096,-2.4611096,-1.4311097,-2.6211097,-4.2111096,-1.9411097,-2.1511097,-1.0211096,-0.2711096,-1.0011096,-3.2511096,0.8088904,-1.0011096,-2.6211097,-3.2511096,-1.5411096,6.0888906,-1.3911096,-2.1711097,0.21889038,-0.19110961,-0.34110963,1.3788904,2.0188904,1.5688903,2.2388904,1.3588904,0.8088904
2.3288903,5.7688904,4.9388905,4.5288906,2.0388904,2.8388903,3.1188903,3.2488904,3.3688903,3.4588904,3.2188904,2.8488903,2.2488904,2.1288903,1.7088904,0.32889038,-0.6211096,-1.9711096,-2.6411097,-1.6311096,-2.7011096,-3.4711096,-3.8111095,-5.1211095,-4.03111,-2.1911097,-2.5911095,-2.0411096,-1.5111096,-1.5711097,-1.7711096,-1.5011096,-2.7511096,-4.03111,-3.5811095,-5.28111,-3.8611097,-0.14110962,-0.8611096,-1.6111096,-2.6811097,0.9988904,1.8788904,-1.2111096,-1.7911096,-2.9411097,-3.6211097,-4.53111,-5.07111,-0.8211096,-0.22110961,0.7788904,0.53889036,0.16889039,2.1088903,2.2388904,1.1988903,0.8388904,0.54889035
1.3088903,7.25889,7.98889,4.6888905,1.9488903,1.8388904,2.2788904,2.2988904,2.4888904,2.3988905,2.1388903,2.1188903,2.0488904,1.8988904,1.2588904,0.71889037,-0.6911096,-1.7911096,-2.7411096,-2.9111097,-4.1211095,-4.9511094,-5.6911097,-6.26111,-1.9411097,0.4788904,-3.3911097,-3.3311095,-2.8411095,-2.6711097,-0.9111096,-2.6211097,-3.2311096,-3.9411097,0.6488904,-0.6611096,-0.71110964,-2.5011096,-1.7011096,-4.3111095,-2.3511095,2.1288903,0.7488904,1.5888904,-0.25110963,-0.8811096,-3.7011096,-5.8411098,-2.7211096,0.59889036,1.7488904,1.4388903,3.1188903,3.5688903,0.7588904,1.0288904,1.6088904,0.72889036,-1.2811096
2.8588903,8.09889,8.17889,5.42889,3.0388904,2.3688903,1.0788903,0.9288904,1.5488904,0.84889036,1.2888904,2.0988903,1.8388904,1.3988904,0.91889036,0.09889038,-0.9411096,-1.9711096,-3.4211097,-5.01111,-5.3911095,-5.6811094,-6.53111,-7.7011094,-5.6611094,-4.8311095,-3.7311096,-1.4611096,0.8988904,0.06889038,-0.96110964,-0.8711096,-2.9311097,-4.9011097,-6.1211095,-5.0811095,-3.6111097,-5.6211095,-4.0911098,-2.1611097,0.7088904,0.66889036,-0.4611096,-2.5711095,0.59889036,-1.3011097,-5.99111,-5.1211095,-2.2211096,1.1188904,2.4988904,3.6388903,1.6488904,0.6188904,0.02889038,1.9488903,2.5988903,0.7488904,1.1088904
5.67889,7.5488906,7.21889,3.7488904,1.3688904,2.1688905,0.21889038,-1.1611096,-0.48110962,-0.59110963,-0.4011096,2.7888904,3.3388903,3.3588903,2.3888903,1.7288904,0.16889039,-1.6411096,-3.2411096,-4.4711094,-5.4711094,-7.4411097,-5.9711094,-6.0011096,-3.0611095,-0.12110962,1.4888904,-0.24110962,-0.95110965,1.3988904,3.8488903,2.9888904,1.5688903,0.21889038,-5.5611095,-4.1511097,-3.2411096,-3.2111096,3.3888903,0.008890381,-1.9911096,0.12889038,1.0388904,2.3388903,1.1388904,-6.6611094,-0.7211096,5.0588903,7.0988903,5.2888904,4.0888906,2.7588904,2.4688904,1.3588904,0.6388904,0.8388904,1.1288904,-0.8511096,-2.7711096
5.3388906,6.7488904,4.7088904,0.4488904,-0.05110962,1.2988904,0.24889039,-1.9911096,-2.3711097,-2.3511095,-1.2211096,4.00889,4.3888903,3.7688904,2.3388903,1.2188904,0.27889037,-1.4011096,-3.0111096,-4.5011096,-6.2111096,-7.8811097,-0.2711096,-1.0611097,-0.4311096,-1.3111097,-3.0311096,3.1088903,-2.3911097,-7.57111,-3.8511095,-1.4411097,1.6488904,-1.1711097,-0.9711096,-4.51111,-2.5911095,-3.7311096,-3.5711095,0.33889037,2.8288903,3.3488903,0.35889038,-0.7511096,0.79889035,5.4388905,6.8888903,3.4088905,4.9988904,4.3988905,2.4488904,1.7888904,2.2288904,2.0188904,0.108890384,-0.7411096,-0.6011096,-1.3711096,-1.9411097
4.6088905,4.0488906,0.09889038,-2.0711095,-1.7911096,0.7388904,0.07889038,-2.4511096,-2.1311097,-2.0511096,0.79889035,1.5388904,2.2988904,2.2988904,0.84889036,-4.2111096,-1.5311096,-2.3711097,-3.7411096,-5.3811097,-5.7311096,-3.4711096,-0.7211096,-1.2911096,-2.6811097,-4.4211097,-3.1711097,4.9988904,1.3088903,-6.3411098,-5.26111,-5.2211094,-4.0411096,-1.1811097,0.7788904,3.2988904,-3.2511096,-2.2111096,0.3888904,0.16889039,1.9288903,2.9688904,1.6888903,2.4088905,3.5888903,4.5188904,6.5288906,6.8988905,4.94889,4.1188903,2.3788903,3.6088903,3.0588903,1.5188904,0.5688904,-0.9911096,-1.6311096,0.07889038,-2.0011096
1.9888904,0.84889036,0.3888904,-2.9411097,-2.5511096,-0.9711096,-3.0311096,-3.5611095,-2.1811097,-1.2611096,-0.15110962,-0.29110962,0.15889038,-0.3711096,-1.8211097,-1.9611096,-3.3411095,-3.6811097,-4.7011094,-5.3511095,-2.5811095,-2.8911097,0.8288904,1.7188904,-2.0611095,2.1688905,-0.5611096,-0.78110963,-0.7511096,-1.9811096,-2.8111095,-2.6911097,-1.4911096,-2.1611097,-1.2611096,-3.3311095,-1.1311096,-2.6611097,-0.20110962,2.3588903,2.2188904,2.3288903,1.4188904,1.0888904,1.6788903,4.0188904,5.8888903,4.2088904,6.3788905,1.6888903,2.2788904,2.6488905,2.0988903,2.6988904,1.2988904,-0.89110965,-0.6711096,-1.2011096,-2.6111097
-1.5111096,-1.7811096,-2.3211095,-2.6711097,-3.3611097,-4.0011096,-4.7711096,-5.1111097,-4.0911098,-4.5411096,-0.9711096,-1.6011096,-1.0711097,-1.2911096,-1.4511096,-2.3411095,-3.7211096,-4.99111,-3.6911097,2.6288903,1.5588903,-0.38110963,1.4088904,2.4888904,1.1088904,-0.41110963,-3.8411095,-2.1511097,-3.3811097,-1.7711096,-2.9511096,-0.5511096,-0.21110962,-3.1411097,-0.011109619,-6.55111,-5.05111,-1.9211097,0.5888904,1.6888903,0.66889036,4.2788906,3.4788904,0.7388904,1.1988903,0.048890382,0.24889039,2.1888905,1.8888904,2.7888904,0.5888904,1.5988904,2.9088905,2.4388905,2.3488903,0.03889038,-1.0111096,-2.7211096,-3.4111097
-0.96110964,-1.8511096,-3.1111097,-4.8111095,-5.32111,-6.0611095,-6.26111,-6.01111,-4.9811096,-5.0811095,-3.9211097,-3.7211096,-3.1911097,-1.8711096,-0.20110962,-0.20110962,0.4188904,-3.2611096,-2.8911097,-0.6211096,-3.3911097,-1.6411096,-0.26110962,-3.1811097,-3.8411095,-1.6811097,-0.4011096,3.2788904,0.60889035,-5.6611094,3.2088904,1.5388904,1.5888904,-9.131109,1.5388904,0.40889037,-0.5611096,-5.3411098,-2.5511096,-0.5511096,-1.1511096,-0.44110963,4.8588905,7.6888905,4.6888905,2.9988904,3.5288904,5.1088905,0.6488904,-0.6711096,1.5888904,2.3088903,2.0088904,1.2888904,0.9588904,-0.41110963,-1.8211097,-2.1111097,-2.6511097
-1.1911097,-2.8611097,-4.6511097,-5.8911095,-6.1211095,-5.8311095,-6.6811094,-7.8511095,-9.431109,-4.9211097,1.1588904,-1.8311096,2.8888903,-0.14110962,3.7688904,0.6188904,-2.6311097,-2.7911096,-2.8411095,-2.3411095,0.9588904,1.1688904,2.8988905,3.6788905,2.6288903,3.3688903,3.3888903,1.3788904,-0.05110962,1.9888904,1.8988904,-1.3811096,-0.16110963,-6.0211096,-4.7211094,-2.1511097,-2.8411095,-0.6211096,-1.3511096,0.9488904,4.6388903,5.6088905,2.2988904,-4.28111,-4.8711095,-1.9211097,3.4088905,2.2888904,2.9588904,0.90889037,-0.021109618,-1.3811096,-1.7511096,-1.3711096,-1.5011096,-0.7911096,-1.9211097,-1.9311097,-0.041109618
-1.5711097,-3.3411095,-5.0911098,-6.2011094,-6.7911096,-6.4711094,-7.8611097,-7.9211097,-7.6511097,-1.5511097,4.7888904,1.0088904,0.9888904,-0.6211096,-0.16110963,-1.7211096,-2.4911096,-1.8511096,1.4288903,3.3788903,0.108890384,1.2488904,0.9488904,-0.21110962,0.5788904,0.7388904,-0.03110962,1.1388904,-0.77110964,1.8788904,2.1088903,1.0888904,-1.7411096,-2.9311097,-4.0011096,-2.0211096,0.08889038,1.4688904,4.0888906,0.6388904,-1.7311096,-3.5111096,-5.57111,-6.03111,-3.4011097,-1.0611097,2.8788903,0.048890382,-2.7211096,-0.42110962,-0.90110964,0.18889038,0.14889038,1.0988904,0.06889038,1.6188904,3.0688903,2.9888904,1.1088904
-1.9011096,-4.1211095,-5.49111,-5.9611096,-5.6711097,-7.82111,-9.53111,-6.7911096,-4.2711096,-3.1311097,-1.8911096,-3.0011096,-3.5411096,-2.9811096,-2.3111095,0.03889038,4.69889,3.1388903,0.3788904,1.5888904,-0.2711096,0.32889038,-0.9911096,-1.5411096,-1.1611096,0.60889035,-0.20110962,-1.1711097,-1.2311096,1.2688904,1.2288904,-0.25110963,-3.0411096,-3.4511096,-6.1211095,-0.0011096192,-0.52110964,0.90889037,0.21889038,-1.2811096,-3.8311095,-2.7211096,-3.8511095,-1.7111096,3.4788904,5.1188903,4.3288903,1.4888904,-0.6011096,-2.2211096,-1.8411096,-1.3511096,0.4188904,-1.7111096,0.7788904,0.40889037,2.0288904,1.9388903,0.5188904
-2.2111096,-4.03111,-4.9511094,-4.99111,-6.6311097,-9.29111,-8.98111,-5.9211097,-1.5011096,0.6388904,2.5188904,2.2088904,-1.1511096,-0.7211096,-0.59110963,0.4488904,-1.2011096,1.4588904,0.3888904,-1.3711096,-1.8211097,0.27889037,-0.12110962,-1.4111096,-0.8611096,-0.07110962,1.0588903,0.19889039,0.7688904,2.1488905,-1.9911096,-3.3111095,-4.74111,-4.5911098,-5.4711094,-3.9711096,-2.0311096,-3.7411096,-3.3211095,-1.8311096,-1.6211096,-1.6711097,-2.6511097,-1.3411096,2.9288905,6.0288906,5.0288906,2.3088903,-0.08110962,-0.84110963,-0.26110962,1.3288903,-1.2511096,-0.3611096,1.8788904,3.3788903,3.7888904,4.0888906,2.2988904
