data/gfs.json
{"header": { "discipline":0, "disciplineName":"Meteorological products", "gribEdition":2, "gribLength":74619, "center":7, "centerName":"US National Weather Service - NCEP(WMC)", "subcenter":0, "refTime":"2018-07-05T06:00:00.000Z", "significanceOfRT":1, "significanceOfRTName":"Start of forecast", "productStatus":0, "productStatusName":"Operational products", "productType":1, "productTypeName":"Forecast products", "productDefinitionTemplate":0, "productDefinitionTemplateName":"Analysis/forecast at horizontal level/layer at a point in time", "parameterCategory":2, "parameterCategoryName":"Momentum", "parameterNumber":3, "parameterNumberName":"V-component_of_wind", "parameterUnit":"m.s-1", "genProcessType":2, "genProcessTypeName":"Forecast", "forecastTime":0, "surface1Type":103, "surface1TypeName":"Specified height level above ground", "surface1Value":10.0, "surface2Type":255, "surface2TypeName":"Missing", "surface2Value":0.0, "gridDefinitionTemplate":0, "gridDefinitionTemplateName":"Latitude_Longitude", "numberPoints":65160, "shape":6, "shapeName":"Earth spherical with radius of 6,371,229.0 m", "gridUnits":"degrees", "resolution":48, "winds":"true", "scanMode":0, "nx":360, "ny":181, "basicAngle":0, "lo1":0.0, "la1":90.0, "lo2":359.0, "la2":-90.0, "dx":1.0, "dy":1.0 }, "data":
[rows 0 to 25 of 181, columns 0 to 58 of 360]
-1.9111096,-1.9411097,-1.9711096,-2.0011096,-2.0311096,-2.0611095,-2.0911095,-2.1211097,-2.1511097,-2.1711097,-2.2011096,-2.2211096,-2.2511096,-2.2711096,-2.3011096,-2.3211095,-2.3411095,-2.3611097,-2.3811097,-2.4011097,-2.4211097,-2.4411097,-2.4611096,-2.4711096,-2.4911096,-2.5011096,-2.5211096,-2.5311096,-2.5411096,-2.5611095,-2.5711095,-2.5811095,-2.5911095,-2.6011095,-2.6111097,-2.6111097,-2.6211097,-2.6311097,-2.6311097,-2.6311097,-2.6411097,-2.6411097,-2.6411097,-2.6411097,-2.6411097,-2.6411097,-2.6411097,-2.6411097,-2.6411097,-2.6311097,-2.6311097,-2.6211097,-2.6211097,-2.6111097,-2.6011095,-2.5911095,-2.5811095,-2.5711095,-2.5611095
-1.7911096,-1.8011097,-1.8211097,-1.8311096,-1.8511096,-1.8711096,-1.8911096,-1.9011096,-1.9211097,-1.9411097,-1.9611096,-1.9811096,-2.0011096,-2.0211096,-2.0411096,-2.0611095,-2.0711095,-2.0811095,-2.0911095,-2.1011095,-2.1111097,-2.1211097,-2.1311097,-2.1511097,-2.1611097,-2.1711097,-2.1811097,-2.1911097,-2.2111096,-2.2211096,-2.2311096,-2.2411096,-2.2511096,-2.2611096,-2.2711096,-2.2811096,-2.2911096,-2.3011096,-2.3211095,-2.3311095,-2.3411095,-2.3611097,-2.3811097,-2.4011097,-2.4111097,-2.4311097,-2.4711096,-2.5011096,-2.5211096,-2.5511096,-2.5911095,-2.6211097,-2.6511097,-2.6911097,-2.7211096,-2.7611096,-2.8011096,-2.8311095,-2.8711097
-1.4711096,-1.4911096,-1.5111096,-1.5311096,-1.5511097,-1.5711097,-1.5911096,-1.6111096,-1.6311096,-1.6411096,-1.6511096,-1.6611096,-1.6711097,-1.6811097,-1.6911097,-1.7011096,-1.7111096,-1.7211096,-1.7311096,-1.7311096,-1.7411096,-1.7511096,-1.7611096,-1.7711096,-1.8011097,-1.8311096,-1.8711096,-1.9011096,-1.9311097,-1.9711096,-2.0111096,-2.0411096,-2.0911095,-2.1311097,-2.1711097,-2.2111096,-2.2611096,-2.3011096,-2.3511095,-2.4011097,-2.4411097,-2.5011096,-2.5411096,-2.5911095,-2.6411097,-2.7011096,-2.7511096,-2.8011096,-2.8511095,-2.9111097,-2.9611096,-3.0111096,-3.0711095,-3.1311097,-3.1811097,-3.2411096,-3.3011096,-3.3511095,-3.4111097
-0.23110962,-0.28110963,-0.3311096,-0.41110963,-0.48110962,-0.5611096,-0.65110964,-0.7611096,-0.8711096,-0.9811096,-1.1011096,-1.2111096,-1.3011097,-1.4011096,-1.4811096,-1.5611097,-1.6211096,-1.6611096,-1.6911097,-1.7211096,-1.7511096,-1.7611096,-1.7611096,-1.7611096,-1.7511096,-1.7411096,-1.7311096,-1.7411096,-1.7411096,-1.7311096,-1.7211096,-1.7111096,-1.7211096,-1.7311096,-1.7511096,-1.7711096,-1.8011097,-1.8411096,-1.8811096,-1.9311097,-1.9811096,-2.0511096,-2.1311097,-2.2011096,-2.2811096,-2.3511095,-2.4311097,-2.5111096,-2.5911095,-2.6811097,-2.7611096,-2.8411095,-2.9111097,-2.9911096,-3.0711095,-3.1411097,-3.2111096,-3.2811096,-3.3411095
0.3488904,0.36889037,0.3888904,0.40889037,0.4188904,0.42889038,0.43889037,0.43889037,0.4188904,0.39889038,0.36889037,0.32889038,0.26889038,0.20889038,0.13889039,0.03889038,-0.05110962,-0.16110963,-0.2711096,-0.39110962,-0.5011096,-0.6311096,-0.7511096,-0.8711096,-0.9811096,-1.0911096,-1.1811097,-1.2611096,-1.3411096,-1.4111096,-1.4711096,-1.5211096,-1.5711097,-1.6111096,-1.6411096,-1.6811097,-1.7011096,-1.7311096,-1.7511096,-1.7711096,-1.7811096,-1.8011097,-1.8211097,-1.8411096,-1.8711096,-1.9011096,-1.9511096,-2.0111096,-2.0811095,-2.1511097,-2.2211096,-2.3011096,-2.3711097,-2.4511096,-2.5411096,-2.6211097,-2.7011096,-2.7911096,-2.8611097
1.7888904,1.6888903,1.5888904,1.4788904,1.3688904,1.2588904,1.1488904,1.0388904,0.9388904,0.8288904,0.71889037,0.6188904,0.5188904,0.43889037,0.3488904,0.27889037,0.21889038,0.15889038,0.11889038,0.08889038,0.05889038,0.03889038,0.01889038,-0.011109619,-0.041109618,-0.07110962,-0.12110962,-0.16110963,-0.22110961,-0.29110962,-0.3611096,-0.45110962,-0.5511096,-0.65110964,-0.77110964,-0.8811096,-1.0111096,-1.1411096,-1.2811096,-1.4011096,-1.5211096,-1.6211096,-1.7111096,-1.7811096,-1.8311096,-1.8611096,-1.8811096,-1.8811096,-1.8811096,-1.8811096,-1.8911096,-1.9111096,-1.9411097,-1.9911096,-2.0511096,-2.1311097,-2.2111096,-2.3111095,-2.3911097
2.7188904,2.6288903,2.5388904,2.4388905,2.3288903,2.2188904,2.1288903,2.0088904,1.8988904,1.7788904,1.6488904,1.5188904,1.3788904,1.2288904,1.0788903,0.9288904,0.78889036,0.6488904,0.5188904,0.39889038,0.29889038,0.19889039,0.108890384,0.01889038,-0.061109617,-0.15110962,-0.22110961,-0.29110962,-0.3611096,-0.42110962,-0.47110963,-0.5111096,-0.5411096,-0.5611096,-0.58110964,-0.6011096,-0.6111096,-0.6311096,-0.65110964,-0.70110965,-0.77110964,-0.8711096,-1.0011096,-1.1511096,-1.3011097,-1.4511096,-1.5711097,-1.6611096,-1.7211096,-1.7511096,-1.7611096,-1.7711096,-1.7811096,-1.8011097,-1.8211097,-1.8611096,-1.9111096,-1.9811096,-2.0711095
3.0188904,2.9788904,2.9188905,2.8288903,2.7188904,2.5988903,2.4688904,2.3188903,2.1588905,1.9688904,1.7588904,1.5488904,1.3388904,1.1288904,0.9288904,0.7388904,0.5688904,0.42889038,0.36889037,0.32889038,0.3188904,0.30889037,0.26889038,0.20889038,0.108890384,-0.0011096192,-0.13110963,-0.25110963,-0.38110963,-0.5011096,-0.6211096,-0.71110964,-0.7911096,-0.84110963,-0.8811096,-0.9111096,-0.9311096,-0.9411096,-0.9411096,-0.9411096,-0.9411096,-0.9411096,-0.95110965,-0.9811096,-1.0011096,-1.0311096,-1.0611097,-1.1211096,-1.1711097,-1.2511096,-1.3311096,-1.3911096,-1.4511096,-1.4911096,-1.5411096,-1.5911096,-1.6311096,-1.6711097,-1.6911097
3.3688903,3.3388903,3.3088903,3.2588904,3.2188904,3.1788905,3.1288903,3.0688903,2.9988904,2.9188905,2.8388903,2.7788904,2.7488904,2.7188904,2.6688905,2.5688903,2.3688903,2.1288903,1.8388904,1.5388904,1.2588904,0.9888904,0.7388904,0.48889038,0.23889038,-0.05110962,-0.35110962,-0.6011096,-0.77110964,-0.8811096,-0.96110964,-1.2111096,-1.4411097,-1.6111096,-1.6711097,-1.8111097,-2.0211096,-2.1711097,-2.2611096,-2.3111095,-2.1711097,-1.9811096,-1.8611096,-1.7911096,-1.7511096,-1.6311096,-1.4711096,-1.3111097,-1.1811097,-1.1511096,-1.2211096,-1.3911096,-1.6011096,-1.8111097,-1.9711096,-2.0411096,-2.0311096,-1.9711096,-1.9011096
3.1088903,3.0988903,3.1188903,3.1988904,3.3688903,3.6388903,4.0288906,3.8488903,3.1988904,2.7988904,3.0288904,3.7188904,4.75889,5.8088903,6.42889,6.48889,6.1288905,5.4388905,4.5288906,3.6088903,2.8888903,2.2888904,1.7788904,1.3388904,0.8888904,0.45889038,0.03889038,-0.34110963,-0.70110965,-1.0111096,-1.3111097,-1.5511097,-1.7611096,-1.9311097,-2.1111097,-2.2111096,-2.3511095,-2.4811096,-2.5811095,-2.7611096,-2.7211096,-2.7711096,-2.9111097,-2.8211095,-2.6111097,-2.2911096,-1.9311097,-1.7011096,-1.3911096,-0.9811096,-0.7211096,-0.71110964,-0.89110965,-0.9811096,-0.89110965,-0.6211096,-0.3711096,-0.16110963,-0.08110962
3.5788903,3.6188903,3.6488905,3.8588903,4.3188906,4.9188905,4.8088903,4.3988905,4.46889,5.8788905,7.5988903,7.6188903,5.6388903,3.8388903,3.2588904,3.4788904,3.3788903,2.6088903,2.0088904,1.6388904,1.3588904,0.9888904,0.6988904,0.7088904,0.90889037,0.97889036,1.0188904,1.1088904,0.9988904,0.5088904,-0.23110962,-0.9311096,-1.3111097,-1.5611097,-1.7211096,-1.8911096,-2.0911095,-2.2911096,-2.4611096,-2.6111097,-2.7411096,-2.8411095,-2.8911097,-2.9611096,-3.0111096,-3.0311096,-2.8811097,-2.4411097,-1.8411096,-1.1111096,-0.5511096,-0.42110962,-0.4911096,-0.59110963,-0.65110964,-0.83110964,-1.1711097,-1.2911096,-1.1111096
4.0588903,4.5488906,4.0688906,3.5088904,3.5288904,3.7888904,3.6188903,2.7788904,3.0888903,5.7688904,7.8088903,5.7288904,2.8788903,2.0088904,2.5488904,3.0688903,2.8588903,1.6688904,0.5188904,-0.0011096192,-0.03110962,-0.011109619,-0.0011096192,0.23889038,0.6288904,0.8088904,0.72889036,0.5188904,0.39889038,0.36889037,0.32889038,0.22889037,0.01889038,-0.31110963,-0.6911096,-1.1311096,-1.6111096,-2.0511096,-2.4111097,-2.6711097,-2.8511095,-2.9111097,-2.9511096,-2.9311097,-2.8611097,-2.7911096,-2.7511096,-2.6411097,-2.3111095,-1.8311096,-1.5211096,-1.4111096,-1.4911096,-1.5511097,-1.2911096,-0.78110963,-0.41110963,-0.28110963,-0.3711096
4.3688903,4.21889,3.9088905,3.4288905,2.9688904,2.6888905,2.3588903,1.9788904,2.4288905,4.2488904,5.5888906,5.2888904,4.2488904,3.5488904,3.5788903,3.1088903,2.3188903,0.7488904,0.26889038,1.5688903,3.0088904,2.8488903,1.9088904,1.1088904,0.65889037,0.9588904,1.2488904,1.2088904,1.0088904,0.79889035,0.5688904,0.2888904,0.03889038,-0.08110962,-0.07110962,-0.011109619,-0.021109618,-0.14110962,-0.34110963,-0.59110963,-0.8211096,-1.0311096,-1.2111096,-1.3811096,-1.5411096,-1.7011096,-1.8011097,-1.8511096,-1.8611096,-1.8511096,-1.8211097,-1.7711096,-1.7211096,-1.6711097,-1.6611096,-1.6811097,-1.6911097,-1.6211096,-1.4811096
3.3788903,3.1988904,2.8288903,2.4288905,2.1088903,2.0088904,2.1388903,2.4288905,2.7488904,3.0088904,3.2288904,3.1388903,2.9088905,2.9888904,3.0788903,2.3588903,1.2388904,0.9988904,2.4488904,3.7188904,4.0188904,3.8588903,3.4988904,3.0888903,2.8988905,2.6988904,2.4788904,2.2488904,1.9788904,1.6988903,1.4288903,1.2388904,1.1688904,1.1288904,1.0588903,0.9588904,0.8288904,0.6488904,0.4488904,0.2888904,0.11889038,-0.061109617,-0.25110963,-0.4311096,-0.5711096,-0.6711096,-0.77110964,-0.83110964,-0.83110964,-0.8111096,-0.8011096,-0.8111096,-0.78110963,-0.70110965,-0.5511096,-0.38110963,-0.21110962,-0.08110962,-0.011109619
3.1388903,2.7788904,2.5488904,2.4588904,2.5188904,2.7088904,2.8488903,2.9388905,3.0288904,3.0888903,3.0488904,3.0288904,3.0488904,2.9388905,2.7388904,2.3488903,2.3788903,2.5588903,2.7988904,3.0088904,3.1788905,3.3288903,3.4388905,3.5188904,3.4688904,3.2788904,3.0088904,2.7388904,2.4088905,1.9488903,1.3888904,0.8188904,0.3188904,-0.05110962,-0.23110962,-0.2711096,-0.23110962,-0.05110962,0.22889037,0.5088904,0.66889036,0.65889037,0.4788904,0.20889038,-0.041109618,-0.23110962,-0.39110962,-0.53110963,-0.6611096,-0.7411096,-0.6811096,-0.53110963,-0.34110963,-0.0011096192,0.43889037,0.7088904,1.2388904,2.6588905,4.19889
2.6088903,2.0588903,1.8788904,2.0488904,2.3988905,2.7588904,2.9788904,2.9888904,2.9188905,2.8288903,2.7988904,2.7788904,2.7488904,2.6688905,2.4988904,2.2188904,1.9988904,2.0588903,2.6388903,3.2588904,3.5588903,3.5188904,3.3488903,3.1488905,2.8988905,2.5588903,2.1488905,1.7788904,1.4388903,1.0988904,0.7088904,0.3188904,0.07889038,-0.011109619,0.01889038,0.108890384,0.18889038,0.22889037,0.15889038,0.008890381,-0.14110962,-0.26110962,-0.3611096,-0.4311096,-0.48110962,-0.5411096,-0.5511096,-0.5411096,-0.5611096,-0.6211096,-0.7311096,-0.7311096,-0.5111096,-0.53110963,-0.47110963,1.2988904,3.1488905,1.0788903,-2.9411097
0.85889035,0.8088904,1.2488904,1.8088903,2.1088903,2.1188903,2.1188903,2.1588905,2.1188903,2.1788905,2.5088904,2.9088905,3.0488904,3.0788903,3.2188904,3.4188905,3.6488905,3.8488903,3.9088905,3.7788904,3.5888903,3.3188903,2.9688904,2.4988904,1.9788904,1.4688904,1.0188904,0.6188904,0.24889039,-0.021109618,-0.16110963,-0.16110963,-0.09110962,-0.021109618,0.03889038,0.12889038,0.30889037,0.4488904,0.4188904,0.24889039,0.06889038,0.008890381,0.09889038,0.20889038,0.11889038,-0.29110962,-0.9411096,-1.5311096,-1.8711096,-2.0311096,-2.1111097,-2.2611096,-2.3911097,-1.5811096,0.45889038,1.1988903,-0.3711096,-1.0111096,-0.32110962
2.3988905,2.4588904,2.2288904,2.0088904,2.0188904,2.0888903,2.2488904,2.5088904,2.5688903,2.3988905,2.1888905,2.1488905,2.5188904,3.0988903,3.5088904,3.6288903,3.5188904,3.2388904,2.8488903,2.4788904,2.1388903,1.8188903,1.4588904,1.1188904,0.7588904,0.36889037,0.01889038,-0.24110962,-0.39110962,-0.4911096,-0.5411096,-0.4911096,-0.31110963,-0.011109619,0.33889037,0.65889037,0.85889035,0.91889036,0.8688904,0.79889035,0.7488904,0.65889037,0.3888904,-0.19110961,-0.9311096,-1.7011096,-2.2811096,-2.7411096,-3.0011096,-3.2911096,-3.4511096,-3.4711096,-3.7611096,-3.5511096,-3.0811095,-2.6811097,-1.8711096,-0.28110963,-0.77110964
2.2888904,3.3188903,4.0388904,4.1488905,3.8188903,3.2888904,2.6588905,2.1488905,1.6288904,1.1988903,1.2188904,1.6288904,2.0288904,2.1288903,1.8088903,1.2788904,0.8088904,0.45889038,0.17889038,-0.061109617,-0.29110962,-0.5011096,-0.70110965,-0.9111096,-1.1411096,-1.3711096,-1.5311096,-1.6211096,-1.6711097,-1.6311096,-1.4811096,-1.2211096,-0.7611096,-0.08110962,0.66889036,1.2388904,1.4788904,1.4388903,1.1788903,0.7788904,0.3488904,-0.08110962,-0.5511096,-1.1111096,-1.6011096,-2.1011095,-2.4811096,-2.9011097,-3.4011097,-3.6911097,-4.0611095,-5.3811097,-5.6111097,-3.1911097,-2.3611097,-1.7511096,-0.9811096,-0.52110964,-0.52110964
3.4688904,3.6388903,3.8488903,3.7488904,3.0788903,2.1288903,1.3488904,0.5888904,-0.0011096192,0.15889038,0.5788904,0.36889037,-0.31110963,-1.0111096,-1.5611097,-1.8611096,-2.0811095,-2.3411095,-2.5411096,-2.6511097,-2.5811095,-2.4611096,-2.3411095,-2.2811096,-1.6911097,-0.6011096,-1.5511097,-1.6111096,-0.44110963,-0.96110964,-0.78110963,0.03889038,0.30889037,0.4788904,0.6788904,0.6988904,0.6188904,0.43889037,0.22889037,-0.0011096192,-0.31110963,-0.7411096,-1.2711096,-1.7711096,-2.2011096,-2.5711095,-2.9911096,-3.4611096,-4.1511097,-5.0911098,-6.32111,-6.8111095,-5.7911096,-3.4611096,-1.5111096,-0.2711096,0.01889038,0.03889038,-0.13110963
2.8988905,2.9188905,2.8188903,2.6288903,2.2088904,1.4488903,0.7688904,0.3888904,0.17889038,-0.3711096,-1.4811096,-2.5611095,-3.3011096,-3.9311097,-4.3711095,-4.5411096,-4.30111,-4.3311095,-3.7911096,-0.6311096,-1.2511096,-0.9911096,-0.011109619,-0.8511096,-2.5311096,-3.4611096,-3.0611095,-4.51111,-3.2011096,-3.1011095,-5.3611097,-4.6411095,-1.4611096,-1.0711097,-1.1611096,-0.9711096,-1.0311096,-1.2011096,-1.4211097,-1.5811096,-1.7811096,-2.0111096,-2.2811096,-2.6011095,-2.8611097,-3.0311096,-3.2011096,-3.4411097,-3.7611096,-4.01111,-4.0211096,-3.7011096,-2.9511096,-2.0511096,-1.1911097,-0.38110963,0.22889037,-0.25110963,-1.2811096
2.9188905,3.0588903,2.9088905,2.3988905,1.5588903,0.6988904,0.07889038,-0.5411096,-1.4211097,-2.5211096,-3.6711097,-4.6811094,-5.1811094,-5.30111,-5.0011096,-2.8311095,-1.5011096,-1.9411097,-0.22110961,0.85889035,0.23889038,-1.9711096,-4.1011095,-5.0611095,-5.3311095,-5.07111,-4.8711095,-4.1311097,-4.51111,-3.2711096,-3.2911096,-3.4711096,-3.4811096,-2.0511096,-1.2011096,-1.5811096,-1.4011096,-1.3811096,-1.9311097,-2.6611097,-3.0711095,-3.3311095,-3.5611095,-3.3811097,-2.9811096,-3.2011096,-4.0211096,-4.0611095,-2.4011097,-2.0411096,-2.7411096,-2.4011097,-2.1611097,-1.5811096,-1.0811096,-1.2711096,-1.6811097,-2.7011096,-2.6211097
3.2088904,3.2388904,2.7788904,1.7588904,0.42889038,-0.78110963,-1.5211096,-1.9111096,-2.3711097,-3.1911097,-4.1011095,-4.6211095,-4.4311094,-3.2011096,-2.6311097,-2.3111095,-0.31110963,0.7788904,0.21889038,-1.3511096,-4.1611094,-4.7511096,-5.55111,-4.6811094,-4.0911098,-4.03111,-3.7411096,-4.2311096,-5.4011097,-3.9311097,-3.9911096,-3.6111097,-4.7911096,-3.8211095,-2.2711096,-3.8011096,-4.5211096,-4.7711096,-4.7711096,-3.0411096,-1.9011096,-3.0511096,-3.4111097,-2.6411097,-1.9011096,-2.8311095,-3.4011097,-4.9011097,-5.6811094,-4.8811097,-2.0911095,-1.3211097,-1.7711096,-2.6511097,-3.1111097,-1.9911096,-1.9211097,-1.9711096,-1.6411096
3.7988904,3.1688905,2.2588904,1.1188904,-0.13110963,-1.2011096,-1.8211097,-2.1311097,-2.5611095,-3.2611096,-3.9211097,-4.2211094,-4.5611095,-4.5611095,-0.4911096,2.2688904,1.6488904,0.23889038,-2.1911097,-4.9311094,-4.4711094,-4.0911098,-4.2711096,-4.1311097,-4.0011096,-4.1311097,-4.1011095,-4.0211096,-4.0011096,-4.0011096,-4.6711097,-4.8111095,-4.8511095,-4.6811094,-4.6611094,-3.7711096,-3.9111097,-4.6311097,-4.5611095,-5.01111,-4.8311095,-5.51111,-5.7911096,-6.1711097,-5.8911095,-4.9011097,-5.1311097,-2.0411096,-0.44110963,-1.6211096,-1.5011096,-1.0311096,-0.9711096,-1.1511096,-0.8611096,-1.1611096,-1.8511096,-2.0311096,-2.1711097
3.8588903,3.0688903,2.1788905,1.2088904,0.16889039,-0.8211096,-1.4511096,-2.1511097,-2.9711096,-3.4111097,-3.3811097,-3.5211096,-2.4911096,0.42889038,0.84889036,0.14889038,-1.1211096,-2.6611097,-2.8711097,-3.4011097,-3.7611096,-3.5711095,-3.9611096,-4.3811097,-4.1711097,-3.9711096,-3.9811096,-4.4811096,-5.2911096,-5.74111,-5.8611097,-7.4211097,-6.0611095,-5.78111,-5.1511097,-8.56111,-6.4611096,-4.4111094,-4.8611097,-7.3411098,-7.6411095,-3.8511095,-2.1011095,-2.5511096,-0.03110962,0.5088904,0.3888904,0.65889037,0.53889036,-0.03110962,-0.7511096,-1.3011097,-1.6111096,-0.95110965,-0.9111096,-1.3911096,-1.5811096,-2.2111096,-1.6811097
4.4988904,3.3088903,2.4588904,1.4688904,0.108890384,-1.2511096,-2.3711097,-3.2511096,-3.7211096,-3.4011097,-2.9511096,-2.4311097,0.2888904,1.1588904,-0.19110961,-1.1211096,-2.4111097,-2.4911096,-2.3611097,-2.4511096,-2.7811096,-3.5611095,-6.8311095,-7.5611095,-7.9211097,-5.9211097,-3.7011096,-4.9011097,-5.2211094,-5.8311095,-6.5811095,-7.24111,-6.9511094,-6.4311094,-6.5811095,-7.6011095,-4.7311096,-1.2911096,-1.1711097,1.6088904,2.5588903,1.7888904,2.0188904,2.1988904,2.6488905,2.2188904,2.1788905,2.2188904,2.1788905,1.3488904,0.35889038,0.46889037,0.53889036,0.39889038,0.97889036,1.4688904,1.6388904,2.2588904,2.9588904
