data/gfs.json
{"header": { "discipline":0, "disciplineName":"Meteorological products", "gribEdition":2, "gribLength":74386, "center":7, "centerName":"US National Weather Service - NCEP(WMC)", "subcenter":0, "refTime":"2018-07-05T06:00:00.000Z", "significanceOfRT":1, "significanceOfRTName":"Start of forecast", "productStatus":0, "productStatusName":"Operational products", "productType":1, "productTypeName":"Forecast products", "productDefinitionTemplate":0, "productDefinitionTemplateName":"Analysis/forecast at horizontal level/layer at a point in time", "parameterCategory":2, "parameterCategoryName":"Momentum", "parameterNumber":2, "parameterNumberName":"U-component_of_wind", "parameterUnit":"m.s-1", "genProcessType":2, "genProcessTypeName":"Forecast", "forecastTime":0, "surface1Type":103, "surface1TypeName":"Specified height level above ground", "surface1Value":10.0, "surface2Type":255, "surface2TypeName":"Missing", "surface2Value":0.0, "gridDefinitionTemplate":0, "gridDefinitionTemplateName":"Latitude_Longitude", "numberPoints":65160, "shape":6, "shapeName":"Earth spherical with radius of 6,371,229.0 m", "gridUnits":"degrees", "resolution":48, "winds":"true", "scanMode":0, "nx":360, "ny":181, "basicAngle":0, "lo1":0.0, "la1":90.0, "lo2":359.0, "la2":-90.0, "dx":1.0, "dy":1.0 }, "data":
[rows 52 to 77 of 181, columns 116 to 173 of 360]
-0.47666505,-3.1166651,-4.196665,-4.456665,-4.326665,-4.296665,-3.536665,-1.596665,-1.616665,-1.836665,-3.1166651,-4.286665,-2.766665,0.14333495,-3.8466651,-5.376665,-5.076665,-4.646665,-4.596665,-3.316665,-1.5566651,0.10333496,0.13333496,-0.42666504,1.3333349,1.803335,5.393335,8.233335,9.923335,11.423335,11.223335,11.213335,10.483335,9.213335,7.833335,7.543335,6.873335,6.053335,5.5133348,5.233335,4.473335,4.003335,3.843335,3.6433349,3.833335,3.703335,4.043335,4.563335,4.523335,4.333335,3.333335,2.763335,0.593335,0.30333495,-0.22666503,-0.726665,-1.976665,-2.656665
-2.696665,-3.506665,-4.366665,-3.476665,-1.9066651,-1.436665,-1.0466651,-1.836665,-0.80666506,0.69333494,1.7233349,1.6933349,-1.0466651,-1.386665,-1.0366651,-2.216665,-3.676665,-4.406665,-4.756665,-4.266665,-3.146665,-1.606665,-1.816665,-1.886665,-1.7766651,1.133335,5.913335,10.753335,10.973335,10.573335,9.703335,9.463335,9.483335,8.143335,6.943335,6.323335,6.153335,5.973335,5.633335,4.5133348,4.083335,3.503335,3.113335,3.033335,3.1533349,3.603335,4.053335,4.253335,3.553335,3.313335,2.263335,1.9533349,0.37333497,-0.43666503,-1.386665,-1.9066651,-2.736665,-2.926665
-4.516665,-4.896665,-5.746665,-4.146665,-2.246665,-0.31666505,-0.36666504,-0.74666506,-0.26666504,1.533335,2.293335,2.793335,-0.26666504,-1.476665,-1.596665,-1.436665,-3.776665,-6.296665,-5.436665,-3.276665,-2.476665,-0.61666507,0.49333495,-0.606665,3.073335,5.823335,9.243335,9.093335,9.043335,9.123335,8.073335,7.993335,7.773335,7.423335,6.553335,5.683335,5.823335,5.433335,4.413335,3.693335,3.1333349,2.453335,2.1333349,2.343335,2.323335,2.293335,2.553335,2.6433349,1.983335,1.393335,0.963335,0.03333496,-1.246665,-1.6566651,-2.466665,-2.926665,-3.786665,-4.176665
-4.626665,-6.066665,-6.866665,-6.4666653,-5.246665,-3.296665,-2.506665,-1.966665,-1.706665,-2.0866652,-0.43666503,-0.67666507,-0.70666504,-3.986665,-1.846665,-3.376665,-1.106665,0.91333497,-0.006665039,1.5933349,2.043335,-1.196665,3.673335,7.563335,6.713335,8.423335,7.173335,7.043335,7.383335,7.373335,6.713335,6.723335,6.353335,5.813335,5.443335,5.5333347,5.233335,4.0133348,3.1633348,2.773335,2.233335,1.273335,1.133335,1.113335,0.653335,0.57333493,0.54333496,0.44333497,0.08333496,-0.75666505,-1.366665,-2.236665,-2.646665,-2.746665,-3.3666651,-3.446665,-3.636665,-3.476665
-4.896665,-7.056665,-7.116665,-6.756665,-5.836665,-7.386665,-5.506665,-4.676665,-4.016665,-3.906665,-5.506665,-5.256665,-3.676665,-3.896665,-3.746665,0.783335,2.1333349,1.783335,0.763335,1.4433349,2.3933349,5.053335,4.803335,5.953335,7.373335,6.5333347,5.713335,5.573335,5.593335,5.773335,5.553335,5.403335,5.203335,5.043335,4.653335,4.063335,3.503335,3.123335,2.303335,1.483335,0.523335,0.50333494,0.04333496,-0.47666505,-0.93666506,-1.106665,-1.366665,-1.6566651,-2.576665,-2.876665,-3.456665,-3.926665,-3.876665,-3.966665,-4.036665,-3.976665,-3.736665,-2.576665
-2.756665,-3.5866652,0.003334961,-4.426665,-3.026665,-7.326665,-5.406665,-4.926665,-4.586665,-4.276665,-4.676665,-4.796665,-5.9866652,-4.026665,2.433335,3.6633348,0.593335,2.613335,4.723335,4.203335,4.943335,4.653335,4.393335,4.563335,4.863335,4.913335,4.483335,4.163335,4.2833347,4.493335,4.313335,4.163335,3.793335,3.173335,2.533335,2.063335,1.8533349,1.243335,0.23333496,-0.986665,-1.1466651,-1.626665,-2.196665,-2.456665,-2.566665,-2.6166651,-2.886665,-2.956665,-3.386665,-4.016665,-5.066665,-5.186665,-4.926665,-4.476665,-5.196665,-5.656665,-5.046665,-3.816665
4.343335,3.343335,-0.61666507,-1.6666651,-1.496665,-4.266665,-3.906665,-4.016665,-4.436665,-4.446665,-4.4666653,-3.636665,-1.4266651,2.6333349,0.45333496,1.4733349,5.653335,4.963335,3.603335,3.313335,3.1633348,3.473335,3.363335,3.303335,3.213335,3.353335,3.173335,2.943335,2.823335,2.823335,2.703335,2.243335,1.613335,0.893335,0.27333495,0.053334963,-0.536665,-1.2966651,-2.286665,-2.8366652,-3.3566651,-3.736665,-4.026665,-4.086665,-4.046665,-3.906665,-4.096665,-4.036665,-3.986665,-4.086665,-5.676665,-5.636665,-5.296665,-5.426665,-6.116665,-6.026665,-5.656665,-4.576665
1.2133349,1.613335,0.81333494,-0.006665039,-1.586665,-2.796665,-3.5866652,-3.416665,-3.126665,-1.856665,-1.356665,-1.596665,-0.69666505,-0.09666504,2.1533349,2.723335,4.643335,3.773335,2.4033349,2.453335,2.1633348,2.203335,2.1633348,1.9633349,1.923335,1.813335,1.483335,1.3533349,1.113335,0.94333494,0.74333495,0.12333496,-0.61666507,-1.216665,-1.696665,-2.386665,-3.166665,-3.646665,-4.286665,-4.456665,-5.116665,-5.2366652,-5.316665,-5.456665,-5.436665,-5.376665,-5.366665,-4.816665,-4.856665,-4.926665,-5.036665,-5.346665,-5.626665,-4.846665,-4.246665,-3.626665,-0.94666505,-1.8066651
0.92333496,0.30333495,1.913335,1.5733349,0.46333495,-0.80666506,-3.196665,-3.226665,-3.8666651,-2.816665,-1.956665,0.25333497,0.023334961,2.183335,1.983335,3.3833349,3.183335,1.783335,1.923335,1.4533349,1.4633349,1.293335,0.99333495,0.91333497,0.513335,0.16333497,0.063334964,-0.25666505,-0.39666504,-0.68666506,-1.266665,-1.846665,-2.326665,-2.826665,-3.3666651,-4.116665,-4.816665,-5.366665,-5.4666653,-6.056665,-6.086665,-6.4666653,-6.656665,-6.796665,-6.686665,-6.426665,-6.496665,-6.306665,-6.356665,-6.126665,-5.586665,-4.976665,-5.206665,-4.676665,-2.446665,-1.4266651,-2.256665,-2.646665
4.123335,2.173335,2.253335,3.303335,1.233335,-0.536665,-3.256665,-1.986665,-2.416665,-2.066665,1.243335,2.963335,3.673335,3.513335,2.933335,1.5933349,1.4433349,1.023335,0.98333496,0.68333495,0.40333498,-0.19666503,-0.06666504,-0.44666505,-0.75666505,-1.076665,-1.066665,-1.596665,-1.976665,-2.556665,-2.996665,-3.3566651,-3.8566651,-4.196665,-4.826665,-5.256665,-6.116665,-6.096665,-5.926665,-6.4866652,-6.856665,-7.026665,-7.256665,-7.376665,-7.4666653,-7.806665,-7.996665,-6.846665,-5.836665,-4.956665,-4.246665,-3.6066651,-2.956665,-1.516665,-2.576665,-3.176665,-3.776665,-4.186665
2.733335,1.2233349,0.87333494,2.103335,0.19333497,-0.76666504,4.093335,8.093335,4.983335,3.353335,7.293335,6.213335,4.423335,1.893335,2.093335,1.753335,0.86333495,0.50333494,0.39333495,0.11333496,-0.77666503,-1.1766651,-1.376665,-2.026665,-1.846665,-2.276665,-2.566665,-3.146665,-3.566665,-4.146665,-4.436665,-4.586665,-4.976665,-4.916665,-5.196665,-6.076665,-6.776665,-6.826665,-6.036665,-6.446665,-7.476665,-8.256665,-8.486665,-7.766665,-6.766665,-6.406665,-6.086665,-6.856665,-6.846665,-6.346665,-5.206665,-4.416665,-3.416665,-3.8666651,-4.026665,-4.546665,-4.9866652,-5.516665
1.9733349,2.6333349,1.893335,3.253335,-0.39666504,8.213335,11.133335,12.673335,12.443335,7.743335,2.483335,2.033335,3.343335,2.103335,1.9533349,1.423335,1.163335,0.29333496,-0.596665,-0.34666502,-1.266665,-1.746665,-2.696665,-2.926665,-3.016665,-3.826665,-4.256665,-4.636665,-4.836665,-5.476665,-5.776665,-5.556665,-5.776665,-5.406665,-6.156665,-7.076665,-7.196665,-7.086665,-6.936665,-6.456665,-6.566665,-5.886665,-4.316665,-4.746665,-5.416665,-6.136665,-5.9666653,-5.566665,-4.806665,-4.596665,-4.9666653,-4.826665,-5.036665,-4.906665,-5.296665,-5.626665,-6.336665,-6.936665
2.453335,2.953335,2.1633348,0.50333494,4.143335,8.423335,14.333335,14.693335,4.423335,1.183335,2.573335,3.1333349,3.113335,2.623335,1.743335,1.143335,0.523335,-0.22666503,-0.89666504,-1.066665,-1.5466651,-2.246665,-3.376665,-3.746665,-4.356665,-5.056665,-5.906665,-6.376665,-6.086665,-6.4866652,-6.746665,-6.516665,-6.496665,-5.946665,-5.9666653,-7.016665,-7.326665,-7.206665,-6.836665,-6.506665,-5.656665,-5.656665,-5.596665,-5.796665,-6.896665,-6.4866652,-5.886665,-6.336665,-5.836665,-5.406665,-4.996665,-5.306665,-5.376665,-5.646665,-5.956665,-6.446665,-7.446665,-8.576665
1.183335,2.873335,-0.63666505,1.563335,1.313335,8.893335,-3.3666651,-4.566665,-0.17666504,5.073335,4.063335,4.203335,4.453335,3.263335,2.493335,0.893335,-0.15666504,-1.006665,-1.446665,-1.476665,-2.3666651,-3.426665,-4.526665,-4.9866652,-5.786665,-6.806665,-7.686665,-7.836665,-7.386665,-7.256665,-7.186665,-7.036665,-6.906665,-6.626665,-6.106665,-6.506665,-7.386665,-7.356665,-6.506665,-6.526665,-6.356665,-6.4666653,-6.756665,-7.536665,-7.926665,-6.346665,-5.706665,-5.166665,-5.906665,-5.996665,-5.476665,-6.2166653,-6.006665,-6.2166653,-6.2366652,-6.546665,-7.696665,-7.976665
1.563335,2.043335,2.743335,3.013335,2.443335,1.163335,-4.276665,1.783335,7.353335,7.353335,4.913335,3.603335,3.873335,3.213335,2.183335,0.12333496,-1.066665,-1.716665,-2.206665,-3.216665,-3.3466651,-4.376665,-5.806665,-6.056665,-7.256665,-7.846665,-8.2266655,-8.876665,-8.336665,-8.256665,-7.726665,-7.496665,-7.376665,-7.426665,-7.066665,-6.586665,-6.386665,-6.296665,-6.476665,-6.626665,-6.726665,-7.176665,-7.846665,-8.246665,-8.576665,-8.466665,-6.876665,-5.646665,-5.616665,-5.876665,-6.266665,-6.666665,-6.546665,-6.306665,-6.156665,-5.976665,-6.616665,-7.346665
5.163335,5.523335,3.933335,3.973335,2.013335,2.303335,7.833335,7.453335,9.013335,5.483335,3.223335,1.4533349,3.523335,3.453335,1.773335,-1.0366651,-1.966665,-2.0866652,-2.626665,-4.106665,-4.566665,-5.376665,-6.306665,-7.366665,-8.426665,-8.746665,-8.246665,-8.586665,-9.486665,-9.046665,-8.516665,-8.236665,-8.4766655,-8.166665,-7.946665,-7.2166653,-6.856665,-6.596665,-6.786665,-7.046665,-7.646665,-7.836665,-8.196665,-8.436665,-8.716665,-8.236665,-8.176665,-6.2166653,-5.866665,-6.396665,-6.656665,-6.846665,-6.456665,-6.596665,-6.126665,-5.546665,-5.476665,-6.816665
5.803335,5.903335,5.843335,6.403335,6.943335,10.693335,11.133335,7.683335,5.443335,0.523335,1.413335,-0.44666505,2.1533349,3.1333349,1.003335,-2.006665,-2.426665,-2.556665,-3.656665,-4.586665,-4.976665,-6.306665,-7.2366652,-8.276665,-9.196665,-9.456665,-9.316665,-9.006665,-9.556665,-9.666665,-8.656665,-7.576665,-6.916665,-7.106665,-7.616665,-7.476665,-7.106665,-6.726665,-7.146665,-7.616665,-7.636665,-8.356665,-8.2266655,-8.766665,-8.696665,-9.126665,-9.746665,-6.516665,-6.646665,-6.906665,-6.796665,-6.816665,-6.686665,-6.666665,-6.406665,-5.536665,-5.336665,-5.446665
4.7633348,5.233335,5.893335,5.373335,7.083335,8.593335,7.123335,5.353335,1.063335,-0.33666503,0.48333496,1.263335,0.07333496,1.7133349,-0.46666503,-2.536665,-2.796665,-2.756665,-4.166665,-4.766665,-5.476665,-6.916665,-7.546665,-8.896665,-9.806665,-9.956665,-9.926665,-9.946665,-9.966665,-9.596665,-9.036665,-8.546665,-8.096665,-7.816665,-7.896665,-7.756665,-7.496665,-7.456665,-7.426665,-7.206665,-7.616665,-8.036665,-8.456665,-8.386665,-8.016665,-8.756665,-9.516665,-8.526665,-7.116665,-7.306665,-7.226665,-7.036665,-6.656665,-6.656665,-6.676665,-5.946665,-4.956665,-5.226665
4.5333347,4.993335,5.753335,5.503335,6.373335,7.623335,8.073335,0.91333497,0.87333494,-1.1666651,-0.28666505,-0.10666504,-0.716665,-0.536665,-1.6666651,-2.916665,-3.226665,-3.436665,-4.526665,-4.886665,-5.656665,-6.676665,-7.886665,-8.886665,-10.086665,-10.306665,-10.626665,-10.596665,-10.666665,-10.566665,-10.046665,-9.2266655,-8.926665,-8.526665,-7.766665,-7.376665,-7.336665,-7.026665,-6.996665,-6.866665,-6.976665,-7.086665,-7.186665,-7.156665,-7.536665,-7.746665,-8.356665,-8.256665,-7.256665,-7.286665,-7.616665,-7.346665,-7.106665,-6.656665,-6.436665,-6.196665,-5.9666653,-6.2366652
4.663335,4.7633348,5.403335,4.443335,5.423335,9.253335,1.0733349,1.013335,0.833335,0.17333496,0.22333497,-1.6666651,-1.766665,-1.836665,-2.766665,-2.976665,-3.566665,-3.826665,-5.016665,-4.906665,-6.076665,-7.146665,-7.556665,-8.756665,-9.886665,-10.166665,-10.996665,-11.036665,-10.636665,-11.076665,-10.296665,-9.686665,-8.9766655,-7.856665,-7.156665,-7.066665,-6.416665,-6.656665,-6.4666653,-6.126665,-5.806665,-5.9866652,-6.156665,-5.9666653,-7.056665,-6.896665,-7.646665,-9.816665,-8.846665,-6.576665,-7.006665,-7.246665,-7.646665,-7.4866652,-7.016665,-6.816665,-6.776665,-6.596665
4.073335,4.7633348,4.623335,3.733335,3.283335,2.1433349,-1.346665,-0.29666504,0.87333494,0.40333498,-0.546665,-1.976665,-2.396665,-2.576665,-3.146665,-3.206665,-3.676665,-4.256665,-4.436665,-5.266665,-6.316665,-6.816665,-8.006665,-8.556665,-9.936665,-10.416665,-12.126665,-13.036665,-12.876665,-11.816665,-10.2266655,-8.896665,-8.006665,-7.366665,-6.586665,-5.626665,-6.126665,-5.9666653,-5.536665,-5.326665,-4.9666653,-4.416665,-4.406665,-4.656665,-5.776665,-6.036665,-6.856665,-9.236665,-9.026665,-7.166665,-6.826665,-7.306665,-7.226665,-7.346665,-7.096665,-6.786665,-6.666665,-7.156665
3.933335,4.873335,4.0333347,3.3833349,3.853335,0.72333497,0.28333497,0.26333496,1.403335,0.903335,-0.18666504,-1.846665,-2.246665,-2.456665,-3.066665,-3.576665,-3.776665,-3.946665,-4.706665,-5.106665,-5.576665,-6.606665,-7.766665,-8.676665,-9.686665,-10.876665,-13.496665,-15.386665,-17.396666,-15.946665,-12.526665,-9.026665,-6.816665,-7.076665,-6.176665,-5.9866652,-5.336665,-4.756665,-4.626665,-4.596665,-4.436665,-3.966665,-3.3666651,-3.306665,-3.3366652,-3.766665,-3.406665,-6.246665,-8.916665,-7.926665,-7.276665,-6.9866652,-7.326665,-7.456665,-6.996665,-7.156665,-7.576665,-7.446665
4.673335,4.123335,3.8833349,2.743335,2.723335,2.553335,-1.596665,2.313335,2.593335,1.0933349,-0.45666504,-1.366665,-2.196665,-2.8566651,-2.976665,-3.266665,-3.3366652,-3.8666651,-4.196665,-3.8566651,-4.776665,-5.626665,-6.836665,-7.446665,-8.966665,-10.056665,-12.046665,-18.426664,-19.826666,-19.546665,-12.926665,-10.166665,-6.906665,-4.376665,-5.696665,-5.506665,-5.266665,-4.936665,-4.576665,-3.906665,-3.026665,-3.496665,-2.486665,-3.006665,-2.256665,-1.206665,-2.056665,-4.846665,-6.166665,-6.7366652,-7.336665,-7.9866652,-7.336665,-7.166665,-7.146665,-8.086665,-8.036665,-7.766665
6.003335,4.963335,3.873335,3.503335,2.193335,3.513335,0.66333497,4.023335,2.233335,0.893335,-0.19666503,-0.596665,-1.4066651,-2.656665,-2.6166651,-3.396665,-3.3566651,-3.136665,-2.716665,-2.436665,-4.206665,-4.186665,-4.696665,-5.746665,-7.336665,-5.586665,-7.116665,-13.266665,-15.796665,-9.076665,-9.346665,-9.456665,-8.446665,-3.996665,-3.896665,-5.256665,-4.836665,-4.946665,-4.816665,-4.336665,-3.516665,-2.406665,-2.246665,-2.486665,-2.256665,-1.4066651,-0.736665,-3.496665,-4.436665,-5.686665,-6.7166653,-7.2366652,-7.336665,-7.346665,-7.156665,-7.056665,-7.446665,-7.766665
7.843335,6.703335,6.023335,4.023335,3.713335,2.963335,3.333335,0.953335,1.543335,1.063335,2.233335,0.41333497,-0.14666504,-1.596665,-2.656665,-3.276665,-2.506665,-2.5966651,-1.866665,-2.216665,-1.946665,-1.736665,-3.186665,-3.676665,-3.036665,-0.986665,4.833335,17.583336,5.653335,-1.5266651,-4.156665,-5.016665,-5.526665,-6.9866652,-4.006665,-4.546665,-4.606665,-4.496665,-4.696665,-4.4666653,-4.076665,-3.686665,-3.066665,-2.906665,-2.436665,-1.826665,-1.7766651,-2.3566651,-3.8466651,-4.846665,-6.056665,-5.706665,-6.626665,-7.046665,-6.626665,-6.846665,-7.166665,-7.306665
8.993335,8.163335,7.623335,5.893335,4.143335,2.003335,0.81333494,3.863335,2.453335,3.603335,3.863335,1.763335,0.703335,-1.1466651,-1.976665,-2.396665,-2.326665,-1.726665,-1.236665,0.28333497,-0.09666504,0.23333496,-1.316665,-0.856665,0.43333495,2.673335,7.073335,10.783335,7.093335,1.553335,-0.44666505,-0.786665,-1.996665,-2.926665,-4.096665,-3.996665,-4.146665,-3.936665,-4.2166653,-4.4666653,-4.406665,-4.256665,-4.036665,-2.876665,-2.626665,-2.716665,-2.1066651,-2.166665,-3.386665,-4.006665,-5.046665,-5.626665,-6.436665,-6.9866652,-7.016665,-6.586665,-6.7166653,-6.326665
