data/gfs.json
{"header": { "discipline":0, "disciplineName":"Meteorological products", "gribEdition":2, "gribLength":74386, "center":7, "centerName":"US National Weather Service - NCEP(WMC)", "subcenter":0, "refTime":"2018-07-05T06:00:00.000Z", "significanceOfRT":1, "significanceOfRTName":"Start of forecast", "productStatus":0, "productStatusName":"Operational products", "productType":1, "productTypeName":"Forecast products", "productDefinitionTemplate":0, "productDefinitionTemplateName":"Analysis/forecast at horizontal level/layer at a point in time", "parameterCategory":2, "parameterCategoryName":"Momentum", "parameterNumber":2, "parameterNumberName":"U-component_of_wind", "parameterUnit":"m.s-1", "genProcessType":2, "genProcessTypeName":"Forecast", "forecastTime":0, "surface1Type":103, "surface1TypeName":"Specified height level above ground", "surface1Value":10.0, "surface2Type":255, "surface2TypeName":"Missing", "surface2Value":0.0, "gridDefinitionTemplate":0, "gridDefinitionTemplateName":"Latitude_Longitude", "numberPoints":65160, "shape":6, "shapeName":"Earth spherical with radius of 6,371,229.0 m", "gridUnits":"degrees", "resolution":48, "winds":"true", "scanMode":0, "nx":360, "ny":181, "basicAngle":0, "lo1":0.0, "la1":90.0, "lo2":359.0, "la2":-90.0, "dx":1.0, "dy":1.0 }, "data":
[rows 130 to 155 of 181, columns 290 to 347 of 360]
-6.386665,-3.246665,-1.516665,-1.6766651,0.23333496,0.023334961,0.31333497,0.45333496,2.3833349,1.863335,2.423335,2.043335,2.963335,2.753335,2.803335,4.293335,6.983335,8.563335,9.393335,10.423335,11.043335,11.213335,11.763335,12.943335,13.373335,12.893335,12.823335,13.693335,14.5233345,15.033335,15.603335,16.383335,16.593334,15.433335,14.293335,13.293335,13.343335,14.143335,15.093335,15.883335,16.033335,16.213335,16.533335,16.813335,17.013334,17.263334,17.573336,17.723335,17.933334,18.003334,18.253334,18.433334,17.103334,15.303335,15.603335,14.933335,13.193335,12.433335
-2.696665,-2.786665,-2.776665,1.123335,3.303335,2.753335,1.233335,1.2133349,4.163335,3.1433349,3.593335,2.9133348,2.373335,2.993335,3.283335,6.613335,7.853335,8.733335,8.533335,8.243335,8.563335,8.713335,8.963335,8.723335,7.653335,7.893335,8.663335,8.953335,9.433335,9.953335,10.513335,11.373335,12.233335,12.863335,13.203335,13.453335,14.323335,15.633335,16.743336,17.473335,17.713335,17.733335,17.853334,18.143335,18.413336,18.743336,19.043335,19.173334,17.983335,17.983335,17.983335,17.563335,17.713335,17.903336,18.263334,17.373335,15.5233345,13.263335
-3.126665,-2.136665,1.273335,2.623335,0.36333495,4.523335,4.793335,4.213335,4.593335,4.683335,2.753335,3.313335,0.833335,1.493335,6.093335,6.363335,6.7633348,4.183335,5.103335,6.773335,8.313335,9.443335,9.653335,10.133335,9.753335,9.673335,10.003335,10.983335,11.863335,12.373335,12.973335,13.263335,13.183335,12.823335,13.153335,14.423335,15.703335,16.933334,18.263334,18.883335,19.113335,19.373335,19.653336,20.123335,20.633335,21.153336,21.573336,21.763334,21.693335,21.103334,19.893335,18.423334,18.343334,18.903336,20.083336,19.743336,18.663336,16.953335
-5.066665,-1.626665,-0.94666505,-0.18666504,1.173335,1.4633349,1.5933349,2.583335,2.593335,1.6933349,1.523335,-1.486665,0.713335,4.423335,4.543335,2.4133348,1.9733349,4.173335,5.223335,7.063335,9.613335,11.343335,12.713335,11.823335,11.093335,9.873335,10.163335,10.433335,10.543335,11.173335,12.063335,11.953335,12.183335,13.093335,14.113335,15.543335,16.433334,17.063335,17.983335,18.503334,18.823336,18.933334,19.423334,20.123335,20.583336,21.033335,21.623335,22.173334,21.863335,20.823336,19.903336,19.473335,18.943335,18.343334,18.063335,17.783335,18.823336,18.223335
-4.706665,-1.1466651,-1.2866651,-1.836665,-2.786665,-2.406665,-2.306665,-2.406665,-2.8666651,-3.556665,-2.276665,-1.496665,1.9533349,1.273335,-0.536665,1.1933349,2.9033349,3.493335,5.173335,6.313335,6.853335,8.183335,8.7733345,9.233335,8.213335,8.843335,9.153335,10.033335,11.083335,11.923335,12.043335,12.133335,12.483335,12.933335,13.623335,14.403335,15.453335,16.643335,17.753334,18.283335,18.113335,17.643335,18.273335,19.353334,20.243336,21.463335,21.863335,22.683334,22.873335,21.573336,20.543335,19.273335,17.943335,18.103334,16.123335,14.733335,15.653335,17.113335
-4.756665,-1.096665,-1.686665,-1.326665,-1.386665,-3.886665,-3.886665,-4.256665,-4.036665,-3.026665,-2.8466651,-2.1066651,-2.056665,-0.796665,0.91333497,1.263335,2.6533349,2.9133348,2.363335,1.773335,1.3333349,-0.31666505,-0.81666505,-0.51666504,2.203335,5.5133348,8.163335,9.333335,9.813335,9.723335,9.193335,9.043335,9.343335,9.103335,9.0233345,9.483335,8.353335,8.643335,10.703335,13.203335,14.053335,13.713335,13.783335,14.203335,16.783335,21.143335,22.443335,23.873335,23.103334,20.803335,18.113335,17.093334,15.463335,15.503335,14.033335,12.733335,12.653335,13.083335
-3.956665,-3.0966651,-1.136665,-3.036665,-4.856665,-5.116665,-5.266665,-5.176665,-4.366665,-5.886665,-5.886665,-3.236665,-1.6566651,0.09333496,0.17333496,1.413335,2.123335,2.6333349,0.013334961,1.1933349,0.48333496,0.19333497,0.843335,1.983335,4.043335,5.933335,5.473335,3.733335,3.4133348,3.213335,2.873335,2.783335,2.493335,2.603335,2.833335,2.3933349,3.213335,4.833335,7.483335,7.663335,6.403335,8.043335,8.423335,8.933335,11.443335,14.893335,19.353334,21.973335,19.293335,14.7733345,12.863335,12.933335,12.113335,11.643335,12.103335,11.213335,11.033335,10.633335
-1.736665,-1.876665,-1.7866651,-3.726665,-5.286665,-5.866665,-5.256665,-5.446665,-6.816665,-5.936665,-3.636665,-2.016665,-0.47666505,-0.49666503,0.33333495,1.373335,1.673335,2.443335,0.94333494,1.613335,1.1933349,1.383335,0.49333495,0.11333496,0.34333497,-0.75666505,-1.6766651,-1.746665,-1.316665,-1.986665,-2.786665,-2.656665,-2.166665,-1.0566651,-1.0466651,-1.316665,-0.23666504,0.40333498,-0.606665,-0.38666505,0.533335,1.043335,2.3833349,4.373335,4.703335,3.203335,4.233335,6.593335,7.353335,7.463335,9.753335,11.883335,12.153335,10.903335,10.353335,10.653335,9.853335,9.413335
-4.286665,-0.656665,-1.436665,-2.736665,-3.976665,-4.446665,-6.456665,-6.396665,-5.786665,-3.8666651,-2.906665,-1.496665,-1.436665,-0.33666503,0.61333495,0.94333494,1.033335,1.533335,1.683335,2.603335,1.283335,0.28333497,-1.136665,-1.706665,-1.826665,-2.576665,-2.906665,-2.536665,-2.646665,-2.906665,-2.946665,-2.536665,-2.206665,-1.836665,-2.536665,-3.026665,-2.746665,-2.746665,-2.926665,-3.1166651,-2.6166651,-1.956665,-0.83666503,0.12333496,0.12333496,-0.33666503,-1.9266651,-2.6066651,-0.64666504,1.613335,4.393335,8.783335,8.673335,7.403335,7.613335,8.623335,8.353335,8.493335
-1.016665,-2.876665,-1.6766651,-3.646665,-3.676665,-6.496665,-5.956665,-5.196665,-3.876665,-3.296665,-2.426665,-1.6766651,-1.0266651,-0.46666503,0.21333496,0.38333496,0.62333494,0.82333493,0.583335,0.773335,0.93333495,-0.02666504,-0.58666503,-1.616665,-2.146665,-2.3566651,-2.1066651,-1.866665,-1.386665,-2.226665,-2.526665,-2.326665,-2.486665,-2.3466651,-2.576665,-2.876665,-3.036665,-3.146665,-3.546665,-3.256665,-2.396665,-2.536665,-3.046665,-2.726665,-2.246665,-2.1066651,-2.696665,-2.706665,-1.6566651,0.48333496,2.023335,3.823335,5.083335,5.583335,7.153335,8.893335,9.853335,10.923335
-3.436665,-1.6566651,-2.1166651,-3.056665,-6.2166653,-5.226665,-3.946665,-2.716665,-2.276665,-1.7766651,-1.466665,-0.906665,-0.55666506,-0.42666504,-0.40666503,-0.33666503,-0.09666504,0.30333495,0.03333496,0.003334961,-0.43666503,-0.846665,-0.02666504,0.15333496,0.33333495,-0.23666504,-0.52666503,-0.666665,-1.226665,-0.75666505,-1.1766651,-2.5866652,-2.8466651,-3.276665,-3.466665,-3.526665,-3.576665,-3.576665,-3.236665,-3.126665,-2.736665,-2.686665,-2.8666651,-2.5866652,-2.756665,-2.6166651,-2.726665,-2.796665,-2.276665,-0.38666505,2.843335,6.473335,8.843335,10.373335,10.983335,11.413335,12.183335,12.123335
-2.906665,-3.286665,-2.406665,-4.796665,-4.956665,-3.376665,-1.706665,-0.81666505,-0.34666502,-0.07666504,-0.18666504,-0.02666504,0.16333497,-0.56666505,-0.55666506,-0.51666504,-0.726665,-0.70666504,-0.666665,-0.57666504,-0.49666503,0.07333496,1.183335,1.663335,2.1333349,2.323335,1.5833349,0.46333495,-0.17666504,-0.56666505,-0.606665,-0.83666503,-2.776665,-3.376665,-4.036665,-4.4866652,-4.526665,-4.136665,-3.746665,-3.3566651,-3.306665,-3.466665,-3.326665,-3.036665,-2.476665,-1.946665,-1.9066651,-1.866665,-0.856665,0.48333496,2.043335,4.203335,6.803335,9.443335,11.103335,13.073335,14.353335,14.553335
-2.766665,-1.726665,-1.3966651,-4.296665,-3.016665,-1.136665,0.44333497,1.003335,1.783335,1.5733349,1.3233349,1.003335,1.403335,0.99333495,0.74333495,1.123335,1.0933349,1.153335,1.0933349,0.60333496,0.32333496,1.013335,1.993335,2.6633348,2.983335,3.053335,2.1433349,2.303335,1.413335,0.25333497,-0.17666504,-0.57666504,-0.41666505,-2.946665,-3.0966651,-4.156665,-4.656665,-4.556665,-4.096665,-3.626665,-3.416665,-3.566665,-3.966665,-4.076665,-3.446665,-2.746665,-2.1166651,-1.496665,-0.88666505,0.37333497,1.163335,2.623335,4.843335,7.313335,9.933335,12.0233345,14.123335,15.193335
-2.226665,-1.596665,-0.116665035,-1.476665,-1.2766651,-1.636665,-0.30666503,1.9433349,2.683335,2.873335,2.683335,3.043335,2.9133348,3.183335,3.443335,3.563335,3.793335,4.023335,4.723335,3.6533349,0.88333493,0.98333496,2.173335,2.463335,2.263335,2.343335,2.523335,2.1433349,1.523335,2.343335,0.44333497,-0.19666503,0.16333497,-1.436665,-3.1166651,-3.416665,-3.886665,-4.276665,-3.8366652,-3.986665,-3.706665,-3.416665,-3.526665,-4.036665,-4.406665,-4.136665,-4.136665,-3.3466651,-2.916665,-2.796665,-2.046665,-0.796665,0.28333497,1.363335,2.963335,4.903335,7.5333347,11.833335
-1.846665,-0.31666505,0.023334961,2.213335,1.993335,1.5933349,1.523335,2.1433349,3.103335,3.793335,4.153335,4.443335,4.343335,4.613335,4.993335,4.613335,4.5333347,5.463335,6.133335,3.553335,-0.55666506,-0.14666504,0.98333496,1.1933349,1.143335,0.97333497,1.303335,2.423335,3.523335,4.333335,1.743335,-0.28666505,-1.1766651,1.393335,-2.806665,-2.516665,-3.046665,-3.536665,-3.736665,-3.666665,-3.826665,-3.646665,-3.226665,-3.076665,-3.576665,-4.406665,-4.9866652,-4.706665,-5.156665,-5.456665,-5.4666653,-5.076665,-5.306665,-4.796665,-4.356665,-3.746665,-2.3666651,0.013334961
-0.69666505,0.34333497,0.023334961,1.653335,1.5733349,3.363335,2.313335,3.253335,4.273335,4.873335,4.793335,4.933335,5.303335,5.233335,4.503335,4.5133348,5.373335,6.233335,6.223335,-0.656665,-0.09666504,-0.67666507,-0.20666504,0.08333496,0.22333497,0.10333496,0.47333497,1.903335,3.583335,6.813335,-1.496665,-2.256665,-1.856665,-2.3366652,-0.61666507,-1.956665,-2.676665,-3.036665,-3.456665,-3.696665,-3.8566651,-3.8566651,-4.126665,-3.8366652,-3.736665,-4.286665,-5.186665,-5.776665,-6.646665,-7.416665,-7.626665,-7.726665,-7.276665,-7.086665,-7.346665,-7.416665,-7.356665,-6.516665
-2.896665,-1.6766651,-0.83666503,1.063335,0.50333494,-1.466665,0.513335,2.433335,3.423335,4.663335,5.913335,6.463335,6.5333347,5.333335,5.313335,6.2833347,6.693335,6.633335,1.363335,-1.106665,0.50333494,-0.37666503,-0.07666504,0.09333496,-0.16666503,-0.47666505,-0.51666504,0.18333496,1.743335,-5.226665,-6.086665,-4.886665,-3.566665,-2.546665,-3.046665,-3.076665,-3.286665,-3.3466651,-3.576665,-3.656665,-3.566665,-3.886665,-3.966665,-4.646665,-4.946665,-4.776665,-5.086665,-5.776665,-6.596665,-7.356665,-7.7366652,-7.696665,-7.566665,-7.9666653,-8.586665,-8.666665,-9.156665,-10.036665
-1.5466651,-0.40666503,0.67333496,-0.21666504,0.023334961,1.523335,3.113335,3.963335,4.923335,5.383335,5.2833347,5.613335,5.803335,6.583335,6.7633348,7.113335,6.123335,3.113335,-1.9166651,1.563335,0.43333495,0.593335,0.92333496,0.773335,0.37333497,-0.39666504,-0.75666505,-1.206665,-1.0366651,-2.736665,-6.166665,-5.796665,-3.706665,-2.986665,-3.826665,-3.506665,-3.516665,-3.756665,-3.906665,-4.036665,-3.626665,-3.406665,-3.706665,-2.676665,-4.7166653,-5.676665,-5.726665,-6.006665,-6.336665,-6.546665,-6.816665,-7.086665,-7.686665,-7.866665,-8.516665,-9.206665,-9.766665,-11.026665
0.32333496,0.653335,1.8533349,3.793335,5.183335,6.0333347,6.623335,6.633335,6.713335,6.853335,7.7833347,7.163335,6.803335,7.273335,6.793335,5.983335,3.753335,-0.536665,1.363335,1.5933349,1.3433349,1.6033349,1.793335,1.763335,1.3333349,0.28333497,-0.14666504,-0.856665,-1.5266651,-1.9166651,-2.206665,-3.556665,-3.226665,-3.466665,-3.546665,-3.426665,-3.706665,-4.026665,-4.016665,-3.986665,-3.726665,-3.416665,-2.566665,-1.5566651,-2.916665,-3.966665,-5.706665,-6.036665,-6.066665,-6.296665,-6.166665,-6.126665,-6.296665,-7.186665,-6.576665,-7.786665,-8.656665,-9.766665
4.853335,3.523335,3.1533349,3.563335,3.993335,4.633335,5.593335,7.313335,8.463335,8.833335,8.473335,7.893335,7.5133348,7.183335,6.613335,5.2633348,4.663335,1.673335,2.703335,2.9133348,2.853335,2.8933349,2.603335,2.693335,2.693335,1.753335,0.88333493,0.42333496,0.10333496,-0.606665,-0.81666505,-1.266665,-2.546665,-2.476665,-2.956665,-1.9166651,-3.006665,-3.136665,-2.8566651,-2.166665,-1.7966651,-1.5366651,-1.006665,-0.61666507,-2.556665,-2.8666651,-3.926665,-4.516665,-5.026665,-4.286665,-3.986665,-3.3366652,-3.386665,-3.766665,-4.256665,-5.456665,-6.536665,-8.556665
6.583335,6.723335,6.383335,6.373335,6.463335,6.633335,6.813335,6.963335,7.243335,7.683335,7.903335,8.373335,8.633335,8.423335,8.093335,6.903335,3.623335,3.443335,2.933335,3.3933349,3.6633348,2.953335,2.753335,3.293335,3.853335,2.963335,2.1633348,2.563335,2.233335,1.273335,0.41333497,0.063334964,-1.126665,-0.62666506,0.39333495,-0.10666504,-0.25666505,-0.44666505,-0.38666505,-0.47666505,-0.47666505,-0.55666506,-0.67666507,-0.52666503,-1.616665,-2.646665,-2.686665,-3.3566651,-2.8566651,-2.396665,-1.8966651,-2.266665,-2.476665,-3.006665,-3.536665,-4.156665,-5.266665,-6.7366652
8.433335,8.803335,8.573335,8.713335,8.963335,9.073335,8.943335,8.793335,8.873335,8.803335,9.623335,10.503335,10.543335,10.123335,7.873335,5.663335,3.4133348,3.593335,3.423335,4.273335,3.823335,2.993335,3.293335,3.453335,3.983335,4.483335,4.453335,4.133335,3.833335,3.533335,2.8833349,2.4133348,1.533335,1.543335,1.263335,1.273335,0.963335,0.82333493,0.82333493,0.69333494,0.55333495,0.46333495,0.35333496,0.24333496,-0.16666503,-0.666665,-0.736665,-0.57666504,-0.69666505,-0.63666505,-0.99666506,-1.086665,-1.596665,-1.816665,-2.376665,-2.886665,-3.3566651,-4.146665
8.423335,8.073335,8.143335,8.603335,8.683335,8.793335,8.443335,8.223335,8.923335,10.623335,12.113335,8.363335,8.663335,5.573335,5.223335,4.983335,4.593335,4.2833347,5.363335,4.7633348,3.263335,4.0333347,3.803335,3.703335,4.293335,5.043335,4.953335,4.983335,4.943335,4.943335,4.663335,4.113335,3.493335,2.973335,2.553335,2.523335,2.4033349,2.223335,2.213335,2.053335,1.803335,1.663335,1.523335,1.373335,1.283335,1.043335,0.82333493,0.763335,0.593335,0.38333496,0.20333496,0.053334963,-0.18666504,-0.45666504,-0.596665,-0.99666506,-1.346665,-1.766665
6.723335,7.113335,7.393335,7.2633348,6.583335,5.2633348,5.083335,6.923335,9.643335,10.423335,9.603335,8.433335,8.703335,10.313335,8.983335,9.003335,7.933335,7.643335,6.7633348,5.493335,3.103335,2.983335,3.473335,4.2633348,5.423335,5.063335,5.0133348,5.123335,5.243335,5.2833347,5.803335,5.743335,5.333335,4.943335,4.743335,4.613335,4.293335,4.233335,4.2833347,4.103335,4.123335,3.723335,3.6633348,3.4033349,3.203335,3.003335,2.743335,2.533335,2.3833349,2.053335,1.8433349,1.623335,1.3433349,1.133335,0.91333497,0.72333497,0.63333493,0.593335
4.893335,4.473335,3.723335,2.6633348,0.07333496,0.60333496,6.423335,6.273335,4.553335,0.42333496,1.683335,4.343335,-0.49666503,2.933335,2.233335,1.4633349,1.663335,1.743335,2.9133348,2.8933349,3.223335,3.953335,4.473335,5.003335,5.553335,5.623335,5.5333347,5.923335,6.173335,6.053335,6.173335,6.473335,6.493335,6.693335,6.733335,6.843335,6.623335,6.523335,6.503335,6.393335,6.213335,5.853335,5.663335,5.463335,5.243335,5.0133348,4.803335,4.713335,4.223335,4.003335,3.703335,3.313335,3.023335,2.813335,2.6533349,2.573335,2.473335,2.373335
3.733335,1.523335,-1.1666651,-2.886665,-3.506665,-3.316665,-1.376665,-1.066665,4.523335,1.873335,-1.236665,-0.536665,-1.106665,-1.366665,0.13333496,1.113335,1.893335,2.613335,3.423335,4.123335,4.613335,5.163335,5.773335,6.103335,6.523335,6.193335,6.5333347,6.753335,6.733335,6.953335,7.383335,7.553335,7.843335,8.133335,8.333335,8.393335,8.393335,8.313335,8.183335,8.063335,7.923335,7.623335,7.403335,7.003335,6.663335,6.463335,6.323335,6.063335,5.7633348,5.543335,5.213335,5.0133348,4.623335,4.373335,4.103335,3.9133348,3.763335,3.613335
